accD	atpA	atpB	atpE	atpF	atpH	atpI	ccsA	cemA	chlI	clpP	infA	petA	petB	petD	petG	petL	psaA	psaB	psaC	psaI	psaJ	psaM	psbA	psbB	psbC	psbD	psbE	psbF	psbH	psbI	psbJ	psbK	psbL	psbM	psbN	psbT	psbZ	rbcL	rpl12	rpl14	rpl16	rpl19	rpl2	rpl20	rpl23	rpl32	rpl36	rpl5	rpoA	rpoB	rpoC1	rpoC2	rps11	rps12	rps14	rps18	rps19	rps2	rps3	rps4	rps7	rps8	rps9	tufA	ycf1	ycf12	ycf20	ycf3	ycf4	cp_mt_ML	atp1	atp4	atp6	atp8	atp9	cob	cox1	cox2	cox3	nad1	nad2	nad3	nad4	nad4L	nad5	nad6	nad7	rpl14 	rpl16 	rpl5 	rps10	rps11 	rps12 	rps13	rps14 	rps19 	rps2 	rps3 	rps4 
accD	0	28	22	26	24	36	22	28	26	22	28	38	26	28	28	50	26	14	14	34	54	42	36	36	20	26	26	44	50	36	46	48	52	54	52	46	48	44	24	28	30	26	22	30	36	26	36	32	28	22	24	18	12	26	18	26	34	28	24	24	24	32	30	24	16	20	56	22	26	24	20	14	16	16	14	18	16	18	14	22	20	18	22	16	28	18	18	18	24	16	16	12	22	20	18	14	18	14	10	16
atpA	28	0	22	32	30	40	30	30	26	22	28	36	20	32	32	48	30	16	20	32	52	44	40	42	22	26	24	40	50	38	44	56	48	56	52	44	46	48	28	30	32	34	26	32	34	34	32	34	34	16	20	20	12	32	20	34	38	36	24	26	34	30	32	32	24	16	56	26	20	28	16	12	12	18	16	26	16	14	20	22	14	20	22	12	26	22	22	18	22	20	18	4	26	18	22	12	18	14	12	16
atpB	22	22	0	28	28	38	32	30	26	20	30	40	26	32	30	50	28	18	22	36	56	46	36	40	16	18	28	42	52	38	48	50	50	56	56	42	46	44	24	34	36	32	28	34	30	36	38	36	32	22	20	22	14	28	20	28	38	36	24	22	30	34	36	28	18	22	52	28	26	28	20	10	10	14	12	22	14	14	16	20	16	16	22	10	26	16	18	16	22	14	14	6	22	16	16	8	14	10	8	16
atpE	26	32	28	0	32	42	22	28	26	20	30	36	22	36	32	54	32	20	24	36	48	40	38	36	22	28	30	46	50	36	44	48	46	52	54	44	46	40	24	34	30	32	26	28	40	38	34	38	28	26	24	20	14	22	28	28	38	36	26	32	36	34	28	32	30	24	56	30	30	30	24	16	18	24	20	24	22	20	20	22	24	24	22	22	28	20	22	24	28	20	22	14	24	18	20	18	22	18	12	16
atpF	24	30	28	32	0	38	28	28	30	26	32	36	22	30	24	42	28	20	20	32	54	40	36	32	24	22	24	42	46	34	42	50	52	52	48	46	44	40	24	26	30	24	20	30	28	26	36	34	28	22	20	18	10	28	20	26	26	34	26	30	28	32	34	28	22	20	52	24	26	24	26	12	16	18	14	22	20	14	18	24	18	16	18	14	24	18	22	16	22	18	14	8	18	18	20	12	14	12	10	16
atpH	36	40	38	42	38	0	44	44	40	38	42	44	36	46	44	50	34	38	36	42	56	46	32	38	36	32	40	48	48	40	52	52	54	54	54	46	46	52	40	42	42	40	40	42	42	40	38	36	38	36	38	36	26	40	38	40	42	40	38	36	38	36	40	36	38	40	52	38	34	42	38	26	24	24	24	28	22	24	28	30	26	28	30	24	32	30	28	28	30	28	26	14	32	30	30	18	24	26	18	22
atpI	22	30	32	22	28	44	0	22	26	20	30	36	22	24	36	44	26	20	24	38	52	40	38	32	22	30	26	34	48	32	46	48	50	52	44	46	46	48	32	30	32	30	24	28	42	26	34	34	26	22	26	18	20	22	26	24	40	32	30	26	28	28	24	36	26	18	52	26	28	26	24	14	18	20	18	18	18	22	16	22	18	20	16	20	24	18	18	20	22	18	16	8	20	16	20	18	22	10	10	16
ccsA	28	30	30	28	28	44	22	0	22	24	22	36	18	26	28	48	22	22	28	34	52	40	38	36	22	30	26	38	48	30	46	52	54	54	50	46	46	48	30	24	32	30	26	30	40	20	34	32	22	24	28	20	20	26	20	30	40	34	30	28	30	32	28	38	24	22	54	28	26	18	22	10	14	20	16	22	20	18	16	16	18	20	20	18	28	16	20	20	26	18	18	8	18	12	12	14	20	12	10	12
cemA	26	26	26	26	30	40	26	22	0	20	18	34	24	20	26	44	24	18	22	26	48	34	36	34	20	26	30	34	46	30	40	44	50	50	46	44	42	44	30	26	26	32	28	28	38	32	34	30	24	18	22	22	16	26	22	30	40	40	28	22	30	26	24	34	24	20	50	26	18	18	20	10	8	18	18	18	16	20	18	12	16	18	18	16	26	14	18	18	24	16	16	4	16	8	14	12	18	14	14	12
chlI	22	22	20	20	26	38	20	24	20	0	24	34	16	18	22	46	24	10	18	30	46	40	36	32	16	18	22	34	46	32	40	46	52	50	46	46	44	44	22	22	30	28	20	30	34	24	34	36	24	18	16	16	12	16	16	22	34	38	24	26	22	24	18	22	18	14	52	14	24	22	14	8	14	18	16	18	14	16	14	18	14	18	14	14	26	16	12	18	24	16	16	4	18	8	18	12	18	10	10	16
clpP	28	28	30	30	32	42	30	22	18	24	0	36	22	30	28	48	26	22	26	28	48	38	36	36	22	28	30	42	48	34	44	48	50	54	52	44	46	48	28	30	30	36	32	30	40	30	34	30	24	24	22	24	16	30	20	32	40	36	28	28	30	30	22	38	24	24	54	28	24	22	22	14	14	18	18	22	18	22	20	18	20	20	24	18	28	16	20	20	26	18	18	8	18	10	12	14	20	14	12	14
infA	38	36	40	36	36	44	36	36	34	34	36	0	30	36	36	48	34	34	34	42	50	42	42	44	32	32	34	44	44	42	46	54	52	54	50	50	46	52	32	34	40	38	34	36	40	34	30	40	32	34	30	32	26	34	28	38	40	34	28	42	36	36	32	38	36	34	58	34	34	40	34	22	22	28	24	28	22	22	26	30	24	28	30	26	30	28	26	28	28	28	26	20	30	24	26	22	28	24	16	26
petA	26	20	26	22	22	36	22	18	24	16	22	30	0	22	18	38	20	16	24	28	42	36	32	28	20	28	22	34	40	28	32	42	40	44	44	40	38	38	22	16	18	28	24	26	32	24	26	28	24	18	18	18	16	20	22	24	30	34	22	28	28	22	20	30	24	18	46	18	18	14	16	6	12	16	14	18	14	14	10	12	12	16	10	12	22	14	18	16	22	14	14	6	14	10	14	10	16	12	12	10
petB	28	32	32	36	30	46	24	26	20	18	30	36	22	0	30	50	30	20	24	36	54	46	42	42	22	22	28	34	50	34	44	54	58	54	48	46	48	50	28	24	36	32	28	32	40	22	38	42	28	26	24	26	20	32	16	34	40	38	30	30	32	34	34	34	26	20	54	28	30	20	22	10	14	22	16	24	18	14	16	18	16	22	14	18	28	20	18	22	26	20	18	8	22	14	18	12	18	14	10	14
petD	28	32	30	32	24	44	36	28	26	22	28	36	18	30	0	44	22	24	28	36	50	42	40	36	30	26	34	46	50	40	38	50	58	54	52	46	48	42	24	28	28	34	32	36	34	26	36	36	28	30	28	30	20	32	22	32	30	36	28	38	34	32	32	30	28	28	56	26	32	28	28	18	20	26	22	24	24	20	22	18	24	26	18	18	34	22	22	26	32	24	24	10	20	14	18	16	20	18	12	16
petG	50	48	50	54	42	50	44	48	44	46	48	48	38	50	44	0	36	48	48	50	52	50	44	44	50	46	50	52	54	52	48	58	60	58	50	56	46	56	52	50	44	52	48	48	50	44	42	48	38	44	42	44	36	46	42	48	48	50	50	50	48	48	50	52	50	46	56	40	46	44	48	30	28	34	30	32	34	28	34	34	30	32	32	32	36	32	30	32	34	34	30	24	28	30	30	26	28	30	20	24
petL	26	30	28	32	28	34	26	22	24	24	26	34	20	30	22	36	0	26	28	30	42	36	32	30	30	28	30	40	42	28	40	44	44	46	44	38	48	40	30	22	22	28	26	26	34	22	34	26	18	26	28	24	26	26	26	30	34	28	28	28	28	26	26	30	28	28	44	28	24	24	26	14	16	16	14	20	18	20	14	14	18	16	20	18	26	14	14	16	22	14	16	6	16	14	10	12	16	12	6	10
psaA	14	16	18	20	20	38	20	22	18	10	22	34	16	20	24	48	26	0	8	28	50	38	36	36	10	18	16	36	48	32	40	50	48	54	50	46	46	40	16	24	26	24	18	22	30	26	34	32	28	12	14	10	4	20	14	22	32	32	18	18	22	26	26	24	14	6	54	20	18	18	8	6	10	14	12	22	12	12	14	18	14	16	16	10	24	16	16	16	22	14	14	6	20	12	16	8	14	12	10	14
psaB	14	20	22	24	20	36	24	28	22	18	26	34	24	24	28	48	28	8	0	28	52	40	34	38	16	22	20	40	46	32	44	52	48	54	50	46	46	38	18	28	28	18	14	16	26	30	32	32	30	14	16	8	2	24	12	26	32	30	16	16	24	28	30	22	14	12	54	24	18	24	12	8	10	10	8	24	10	14	14	18	14	14	20	10	22	16	16	14	20	14	12	4	20	14	16	8	12	10	8	14
psaC	34	32	36	36	32	42	38	34	26	30	28	42	28	36	36	50	30	28	28	0	52	42	38	42	34	32	38	42	48	34	48	54	54	54	50	44	46	46	34	38	30	36	34	34	42	38	38	32	32	26	30	28	20	38	24	34	44	44	34	34	38	28	32	36	34	28	54	28	30	28	28	18	14	22	20	26	22	22	24	20	22	22	24	22	30	22	22	22	28	22	18	12	24	18	20	16	20	20	14	18
psaI	54	52	56	48	54	56	52	52	48	46	48	50	42	54	50	52	42	50	52	52	0	52	46	54	52	48	56	56	58	58	52	58	58	60	58	56	48	58	50	56	50	56	56	48	54	52	44	56	44	52	50	50	40	52	42	52	56	54	52	56	52	54	50	54	56	52	60	44	52	48	50	34	32	40	36	38	36	30	38	36	36	40	36	38	40	38	34	40	40	38	38	26	36	32	30	30	34	34	22	28
psaJ	42	44	46	40	40	46	40	40	34	40	38	42	36	46	42	50	36	38	40	42	52	0	42	44	38	38	42	48	46	44	50	52	54	54	50	46	44	50	44	44	38	42	40	42	44	42	40	44	38	38	36	36	28	38	38	38	46	46	44	44	42	46	42	48	44	40	50	38	40	36	40	28	28	32	30	32	32	26	32	26	32	32	32	32	32	30	30	32	32	30	30	18	30	26	28	22	30	28	20	26
psaM	36	40	36	38	36	32	38	38	36	36	36	42	32	42	40	44	32	36	34	38	46	42	0	42	36	32	38	44	46	38	48	44	46	48	48	42	48	40	36	40	38	36	36	34	38	36	40	40	28	34	34	34	30	36	32	36	40	36	34	36	34	40	40	40	36	38	44	42	36	36	34	26	26	24	24	30	24	24	26	26	28	26	30	24	30	26	26	26	28	26	26	18	26	26	24	20	24	24	10	20
psbA	36	42	40	36	32	38	32	36	34	32	36	44	28	42	36	44	30	36	38	42	54	44	42	0	36	38	42	50	50	44	42	46	56	52	54	48	48	46	44	40	32	44	38	42	48	36	42	38	26	34	34	34	28	32	36	32	34	44	40	40	38	32	32	44	38	36	56	30	36	36	36	22	22	28	26	22	28	28	26	28	26	26	22	26	34	24	22	26	32	26	24	14	24	24	26	22	24	20	16	20
psbB	20	22	16	22	24	36	22	22	20	16	22	32	20	22	30	50	30	10	16	34	52	38	36	36	0	18	18	36	48	34	42	48	50	54	52	46	46	42	22	28	32	28	22	28	32	30	34	36	26	18	14	16	10	24	20	18	34	32	22	20	22	32	26	28	16	16	54	28	22	22	12	6	10	16	14	22	10	12	14	18	14	18	18	12	24	18	18	18	22	16	16	8	22	14	18	10	16	14	10	14
psbC	26	26	18	28	22	32	30	30	26	18	28	32	28	22	26	46	28	18	22	32	48	38	32	38	18	0	22	36	44	30	38	46	42	46	48	40	40	38	20	24	32	26	26	30	32	32	34	34	32	18	10	20	12	30	16	28	34	32	16	26	26	30	30	24	20	18	46	24	22	26	18	10	14	16	14	20	12	12	14	16	14	14	16	8	22	16	18	16	20	16	14	6	16	10	16	8	12	12	10	16
psbD	26	24	28	30	24	40	26	26	30	22	30	34	22	28	34	50	30	16	20	38	56	42	38	42	18	22	0	42	48	34	46	50	48	54	50	48	46	44	22	24	38	26	18	30	34	24	32	34	26	24	18	20	14	28	24	30	32	28	24	30	26	32	28	32	20	20	56	30	22	28	20	12	16	18	16	26	16	10	18	24	12	20	22	16	24	22	24	18	18	20	18	8	26	20	22	14	20	12	10	18
psbE	44	40	42	46	42	48	34	38	34	34	42	44	34	34	46	52	40	36	40	42	56	48	44	50	36	36	42	0	52	38	52	58	62	58	50	50	50	54	44	46	46	46	44	44	50	38	44	48	40	34	36	38	30	42	30	42	50	46	46	36	38	42	44	46	42	32	58	42	40	30	38	22	24	32	26	34	26	20	30	32	24	30	26	28	32	30	28	30	22	32	22	10	32	24	30	22	28	18	10	24
psbF	50	50	52	50	46	48	48	48	46	46	48	44	40	50	50	54	42	48	46	48	58	46	46	50	48	44	48	52	0	50	54	56	64	56	54	54	50	56	50	50	48	50	48	48	50	46	44	50	40	44	44	44	34	48	44	48	50	50	50	50	48	50	48	50	50	48	58	44	46	46	48	34	32	34	32	36	34	30	36	36	34	36	36	36	36	36	34	36	36	36	34	28	36	34	34	30	34	34	22	30
psbH	36	38	38	36	34	40	32	30	30	32	34	42	28	34	40	52	28	32	32	34	58	44	38	44	34	30	34	38	50	0	54	54	52	54	52	42	46	48	28	34	36	30	30	32	46	32	36	36	30	30	34	28	24	36	28	40	46	40	32	28	40	32	36	42	30	30	54	34	30	30	34	20	20	22	20	28	24	20	24	22	24	20	26	18	32	22	22	22	28	22	20	14	24	20	20	14	18	20	12	18
psbI	46	44	48	44	42	52	46	46	40	40	44	46	32	44	38	48	40	40	44	48	52	50	48	42	42	38	46	52	54	54	0	54	56	52	54	52	50	48	46	46	40	52	48	46	52	40	46	48	36	40	40	42	32	46	36	44	42	48	44	50	46	46	44	48	48	42	62	42	42	42	40	24	24	30	30	30	24	26	30	28	24	30	28	26	32	30	26	30	32	30	28	18	30	24	28	22	24	30	20	24
psbJ	48	56	50	48	50	52	48	52	44	46	48	54	42	54	50	58	44	50	52	54	58	52	44	46	48	46	50	58	56	54	54	0	58	56	58	58	50	58	54	54	54	54	52	58	58	48	50	52	40	50	50	50	42	50	50	48	54	54	54	54	50	52	48	54	50	54	62	46	50	50	52	34	32	34	34	32	34	30	34	36	36	36	36	34	38	34	32	36	36	34	34	26	36	36	34	30	34	32	20	28
psbK	52	48	50	46	52	54	50	54	50	52	50	52	40	58	58	60	44	48	48	54	58	54	46	56	50	42	48	62	64	52	56	58	0	60	64	50	48	54	46	54	52	52	50	46	56	50	44	52	44	48	46	46	36	52	42	56	54	50	44	48	58	52	52	54	50	48	58	46	42	50	48	26	22	24	24	28	26	24	28	32	28	26	36	26	32	28	30	26	28	26	24	20	32	30	28	22	26	24	16	24
psbL	54	56	56	52	52	54	52	54	50	50	54	54	44	54	54	58	46	54	54	54	60	54	48	52	54	46	54	58	56	54	52	56	60	0	58	54	50	56	54	54	54	54	54	56	60	48	50	54	44	50	50	50	42	54	48	54	52	54	54	56	56	54	54	56	54	54	62	48	52	50	54	36	34	36	34	36	36	30	36	36	36	36	38	36	40	36	34	36	36	36	34	28	36	36	34	30	34	34	22	30
psbM	52	52	56	54	48	54	44	50	46	46	52	50	44	48	52	50	44	50	50	50	58	50	48	54	52	48	50	50	54	52	54	58	64	58	0	58	50	60	54	52	52	52	50	54	56	48	48	52	44	48	48	46	40	52	44	52	54	54	54	54	50	52	50	54	52	50	56	46	48	46	50	32	28	34	28	36	30	28	34	34	32	34	32	36	34	34	28	34	32	34	30	22	36	32	26	28	28	28	16	20
psbN	46	44	42	44	46	46	46	46	44	46	44	50	40	46	46	56	38	46	46	44	56	46	42	48	46	40	48	50	54	42	52	58	50	54	58	0	46	46	46	46	44	48	48	46	48	44	40	46	40	44	44	42	32	48	38	44	44	46	46	46	50	42	46	48	48	44	60	36	46	44	46	28	28	28	26	28	28	22	28	30	28	28	30	28	32	28	28	28	30	28	26	22	28	28	26	18	26	26	14	22
psbT	48	46	46	46	44	46	46	46	42	44	46	46	38	48	48	46	48	46	46	46	48	44	48	48	46	40	46	50	50	46	50	50	48	50	50	46	0	48	46	46	46	46	46	46	46	44	48	46	40	44	42	44	40	48	42	48	48	48	46	46	48	48	48	48	46	46	46	48	42	42	46	30	28	30	28	32	32	24	32	30	32	30	34	30	32	30	30	30	30	30	30	24	30	30	28	24	28	28	16	24
psbZ	44	48	44	40	40	52	48	48	44	44	48	52	38	50	42	56	40	40	38	46	58	50	40	46	42	38	44	54	56	48	48	58	54	56	60	46	48	0	40	52	40	42	42	38	52	44	44	44	40	44	42	34	32	46	34	42	42	46	42	48	44	48	50	48	44	42	58	46	44	44	42	24	24	24	24	28	24	22	28	24	24	24	30	22	28	24	24	24	26	26	24	16	24	22	22	20	18	24	14	20
rbcL	24	28	24	24	24	40	32	30	30	22	28	32	22	28	24	52	30	16	18	34	50	44	36	44	22	20	22	44	50	28	46	54	46	54	54	46	46	40	0	26	34	20	22	22	32	28	32	32	30	26	22	22	12	28	16	32	34	28	16	30	32	30	32	30	14	20	54	30	24	30	22	14	16	18	16	28	18	16	20	22	20	20	24	12	30	22	22	20	26	20	18	10	24	16	20	12	18	16	10	18
rpl12	28	30	34	34	26	42	30	24	26	22	30	34	16	24	28	50	22	24	28	38	56	44	40	40	28	24	24	46	50	34	46	54	54	54	52	46	46	52	26	0	34	28	24	34	36	14	30	36	24	26	26	24	22	28	22	38	34	36	24	34	30	28	26	30	26	26	54	22	26	26	24	14	18	22	18	24	22	16	12	18	20	20	18	20	30	20	20	20	26	16	18	12	22	20	18	16	20	16	10	16
rpl14	30	32	36	30	30	42	32	32	26	30	30	40	18	36	28	44	22	26	28	30	50	38	38	32	32	32	38	46	48	36	40	54	52	54	52	44	46	40	34	34	0	38	34	30	40	34	36	34	26	26	30	26	18	32	26	32	36	40	32	34	38	32	34	38	36	28	54	30	30	26	28	18	18	24	22	24	24	22	24	20	24	24	20	20	30	22	22	24	30	22	22	10	20	18	20	16	18	20	14	16
rpl16	26	34	32	32	24	40	30	30	32	28	36	38	28	32	34	52	28	24	18	36	56	42	36	44	28	26	26	46	50	30	52	54	52	54	52	48	46	42	20	28	38	0	14	22	34	30	34	32	30	26	26	18	18	28	18	34	38	32	24	30	32	34	36	32	22	26	54	32	24	32	26	16	16	18	14	28	20	20	18	22	22	18	28	18	28	20	22	18	24	18	16	10	22	20	18	14	18	14	8	16
rpl19	22	26	28	26	20	40	24	26	28	20	32	34	24	28	32	48	26	18	14	34	56	40	36	38	22	26	18	44	48	30	48	52	50	54	50	48	46	42	22	24	34	14	0	24	32	28	32	34	28	20	22	12	16	22	16	28	34	30	20	28	26	30	28	28	18	20	54	26	20	28	20	10	12	14	10	22	16	14	12	20	14	14	20	14	20	16	18	12	18	12	12	8	20	16	16	12	14	10	8	14
rpl2	30	32	34	28	30	42	28	30	28	30	30	36	26	32	36	48	26	22	16	34	48	42	34	42	28	30	30	44	48	32	46	58	46	56	54	46	46	38	22	34	30	22	24	0	34	34	28	34	30	24	24	16	12	26	18	34	42	32	22	22	32	32	34	32	30	20	54	32	24	28	24	14	14	14	14	28	14	20	20	18	16	16	26	18	24	18	18	16	22	18	16	4	22	14	16	12	14	14	10	16
rpl20	36	34	30	40	28	42	42	40	38	34	40	40	32	40	34	50	34	30	26	42	54	44	38	48	32	32	34	50	50	46	52	58	56	60	56	48	46	52	32	36	40	34	32	34	0	38	38	44	38	34	26	32	16	40	30	36	32	38	34	34	40	44	44	32	34	34	52	34	32	34	34	22	20	24	22	34	20	18	28	28	28	28	26	22	28	30	30	28	30	28	26	14	30	26	28	16	22	22	14	24
rpl23	26	34	36	38	26	40	26	20	32	24	30	34	24	22	26	44	22	26	30	38	52	42	36	36	30	32	24	38	46	32	40	48	50	48	48	44	44	44	28	14	34	30	28	34	38	0	30	32	24	30	28	26	20	26	24	36	30	30	28	34	30	30	28	34	28	26	52	24	30	22	28	10	18	18	16	16	18	12	10	14	14	16	16	16	26	14	14	16	20	14	14	8	16	14	14	14	18	10	8	14
rpl32	36	32	38	34	36	38	34	34	34	34	34	30	26	38	36	42	34	34	32	38	44	40	40	42	34	34	32	44	44	36	46	50	44	50	48	40	48	44	32	30	36	34	32	28	38	30	0	34	28	30	30	30	30	28	32	38	40	32	26	36	36	30	32	36	36	34	42	36	28	32	30	20	16	20	12	24	22	14	18	18	20	20	26	24	26	20	14	20	20	20	20	14	22	22	12	12	14	18	6	10
rpl36	32	34	36	38	34	36	34	32	30	36	30	40	28	42	36	48	26	32	32	32	56	44	40	38	36	34	34	48	50	36	48	52	52	54	52	46	46	44	32	36	34	32	34	34	44	32	34	0	30	32	32	24	22	38	28	38	40	32	32	34	42	32	28	36	32	34	54	32	28	32	32	22	20	20	20	24	24	22	24	24	24	22	30	22	30	22	24	22	26	22	20	10	24	22	20	14	22	20	12	20
rpl5	28	34	32	28	28	38	26	22	24	24	24	32	24	28	28	38	18	28	30	32	44	38	28	26	26	32	26	40	40	30	36	40	44	44	44	40	40	40	30	24	26	30	28	30	38	24	28	30	0	24	26	22	22	24	28	28	34	34	28	32	30	30	22	36	30	30	46	24	22	24	22	12	12	18	18	12	18	20	14	14	16	18	14	18	24	16	16	18	24	16	16	6	16	14	16	12	18	14	14	12
rpoA	22	16	22	26	22	36	22	24	18	18	24	34	18	26	30	44	26	12	14	26	52	38	34	34	18	18	24	34	44	30	40	50	48	50	48	44	44	44	26	26	26	26	20	24	34	30	30	32	24	0	16	8	8	20	14	30	36	36	18	20	24	22	26	28	20	8	54	22	20	24	10	6	10	12	10	22	12	16	12	14	12	12	18	8	20	14	18	12	18	12	10	2	18	12	14	10	14	8	8	12
rpoB	24	20	20	24	20	38	26	28	22	16	22	30	18	24	28	42	28	14	16	30	50	36	34	34	14	10	18	36	44	34	40	50	46	50	48	44	42	42	22	26	30	26	22	24	26	28	30	32	26	16	0	12	6	22	16	28	32	32	18	24	24	26	26	24	20	12	52	22	20	26	16	6	8	14	10	20	8	12	14	20	10	12	18	12	20	14	18	12	16	14	10	4	18	12	16	6	12	8	8	14
rpoC1	18	20	22	20	18	36	18	20	22	16	24	32	18	26	30	44	24	10	8	28	50	36	34	34	16	20	20	38	44	28	42	50	46	50	46	42	44	34	22	24	26	18	12	16	32	26	30	24	22	8	12	0	8	20	14	26	34	28	16	18	24	26	22	26	18	10	50	22	16	20	10	10	10	14	10	22	14	16	12	18	16	14	18	14	20	16	18	14	20	12	12	4	20	16	16	10	14	10	8	12
rpoC2	12	12	14	14	10	26	20	20	16	12	16	26	16	20	20	36	26	4	2	20	40	28	30	28	10	12	14	30	34	24	32	42	36	42	40	32	40	32	12	22	18	18	16	12	16	20	30	22	22	8	6	8	0	20	10	16	22	22	12	10	20	22	20	14	14	6	42	20	12	14	8	10	6	10	10	18	8	12	16	16	12	14	14	10	18	16	16	14	18	14	14	4	18	14	16	2	10	12	10	12
rps11	26	32	28	22	28	40	22	26	26	16	30	34	20	32	32	46	26	20	24	38	52	38	36	32	24	30	28	42	48	36	46	50	52	54	52	48	48	46	28	28	32	28	22	26	40	26	28	38	24	20	22	20	20	0	26	26	40	38	24	32	24	28	26	36	28	22	56	28	26	30	22	8	16	18	14	18	14	20	14	20	14	16	20	16	26	14	14	16	22	16	14	6	18	12	16	14	18	10	8	14
rps12	18	20	20	28	20	38	26	20	22	16	20	28	22	16	22	42	26	14	12	24	42	38	32	36	20	16	24	30	44	28	36	50	42	48	44	38	42	34	16	22	26	18	16	18	30	24	32	28	28	14	16	14	10	26	0	30	32	28	16	22	20	26	26	22	16	12	46	24	18	16	12	4	8	12	10	22	10	14	12	14	10	12	18	8	20	14	16	12	18	12	10	2	16	6	14	8	12	8	8	14
rps14	26	34	28	28	26	40	24	30	30	22	32	38	24	34	32	48	30	22	26	34	52	38	36	32	18	28	30	42	48	40	44	48	56	54	52	44	48	42	32	38	32	34	28	34	36	36	38	38	28	30	28	26	16	26	30	0	34	36	32	28	28	32	28	34	28	28	56	28	30	28	26	16	18	22	20	20	16	18	20	24	22	24	16	16	28	22	18	24	28	22	22	12	22	20	22	16	18	16	10	18
rps18	34	38	38	38	26	42	40	40	40	34	40	40	30	40	30	48	34	32	32	44	56	46	40	34	34	34	32	50	50	46	42	54	54	52	54	44	48	42	34	34	36	38	34	42	32	30	40	40	34	36	32	34	22	40	32	34	0	36	36	42	40	44	42	36	34	36	60	36	36	36	36	26	26	28	26	30	26	22	28	32	28	30	24	24	32	32	32	30	32	30	28	22	30	30	30	24	26	26	16	26
rps19	28	36	36	36	34	40	32	34	40	38	36	34	34	38	36	50	28	32	30	44	54	46	36	44	32	32	28	46	50	40	48	54	50	54	54	46	48	46	28	36	40	32	30	32	38	30	32	32	34	36	32	28	22	38	28	36	36	0	28	36	38	40	38	36	30	32	58	36	34	36	34	24	24	24	22	28	24	14	24	30	22	26	32	24	30	28	28	24	20	26	24	12	30	28	26	20	26	16	10	26
rps2	24	24	24	26	26	38	30	30	28	24	28	28	22	30	28	50	28	18	16	34	52	44	34	40	22	16	24	46	50	32	44	54	44	54	54	46	46	42	16	24	32	24	20	22	34	28	26	32	28	18	18	16	12	24	16	32	36	28	0	28	32	24	30	30	20	20	52	28	20	32	14	8	12	12	10	24	12	12	12	16	14	8	22	6	24	14	14	12	18	12	10	4	18	14	14	8	8	6	4	12
rps3	24	26	22	32	30	36	26	28	22	26	28	42	28	30	38	50	28	18	16	34	56	44	36	40	20	26	30	36	50	28	50	54	48	56	54	46	46	48	30	34	34	30	28	22	34	34	36	34	32	20	24	18	10	32	22	28	42	36	28	0	34	32	34	30	22	18	54	28	22	24	22	14	12	14	12	24	16	16	18	22	20	18	24	14	28	18	20	18	24	16	16	6	24	20	18	10	16	10	8	18
rps4	24	34	30	36	28	38	28	30	30	22	30	36	28	32	34	48	28	22	24	38	52	42	34	38	22	26	26	38	48	40	46	50	58	56	50	50	48	44	32	30	38	32	26	32	40	30	36	42	30	24	24	24	20	24	20	28	40	38	32	34	0	34	26	28	24	24	56	30	30	28	24	12	18	20	18	26	14	20	16	24	14	18	26	20	24	18	20	18	20	16	16	10	20	14	20	14	20	16	12	18
rps7	32	30	34	34	32	36	28	32	26	24	30	36	22	34	32	48	26	26	28	28	54	46	40	32	32	30	32	42	50	32	46	52	52	54	52	42	48	48	30	28	32	34	30	32	44	30	30	32	30	22	26	26	22	28	26	32	44	40	24	32	34	0	24	34	30	24	54	26	24	32	26	16	14	22	20	24	20	20	20	20	18	18	24	20	32	18	16	18	24	20	16	6	22	18	20	14	18	14	10	16
rps8	30	32	36	28	34	40	24	28	24	18	22	32	20	34	32	50	26	26	30	32	50	42	40	32	26	30	28	44	48	36	44	48	52	54	50	46	48	50	32	26	34	36	28	34	44	28	32	28	22	26	26	22	20	26	26	28	42	38	30	34	26	24	0	32	28	28	54	20	24	30	26	18	16	24	22	20	18	24	20	24	22	24	22	24	28	22	18	24	28	20	22	10	26	18	22	18	24	18	14	18
rps9	24	32	28	32	28	36	36	38	34	22	38	38	30	34	30	52	30	24	22	36	54	48	40	44	28	24	32	46	50	42	48	54	54	56	54	48	48	48	30	30	38	32	28	32	32	34	36	36	36	28	24	26	14	36	22	34	36	36	30	30	28	34	32	0	28	26	56	20	32	30	28	20	20	22	18	28	20	18	18	26	22	24	20	22	30	26	24	24	28	22	22	10	30	26	26	16	22	18	12	22
tufA	16	24	18	30	22	38	26	24	24	18	24	36	24	26	28	50	28	14	14	34	56	44	36	38	16	20	20	42	50	30	48	50	50	54	52	48	46	44	14	26	36	22	18	30	34	28	36	32	30	20	20	18	14	28	16	28	34	30	20	22	24	30	28	28	0	18	54	26	22	28	18	12	12	14	12	22	16	16	16	22	18	16	24	10	26	18	20	16	22	16	14	8	22	16	18	10	16	12	10	16
ycf1	20	16	22	24	20	40	18	22	20	14	24	34	18	20	28	46	28	6	12	28	52	40	38	36	16	18	20	32	48	30	42	54	48	54	50	44	46	42	20	26	28	26	20	20	34	26	34	34	30	8	12	10	6	22	12	28	36	32	20	18	24	24	28	26	18	0	54	22	20	18	12	6	10	16	12	24	14	12	16	20	12	14	18	10	24	16	18	14	20	16	12	4	20	12	18	8	14	10	10	16
ycf12	56	56	52	56	52	52	52	54	50	52	54	58	46	54	56	56	44	54	54	54	60	50	44	56	54	46	56	58	58	54	62	62	58	62	56	60	46	58	54	54	54	54	54	54	52	52	42	54	46	54	52	50	42	56	46	56	60	58	52	54	56	54	54	56	54	54	0	44	52	52	54	28	26	28	28	34	28	24	30	30	32	28	32	26	30	28	26	28	28	28	24	16	28	28	28	24	26	22	12	14
ycf20	22	26	28	30	24	38	26	28	26	14	28	34	18	28	26	40	28	20	24	28	44	38	42	30	28	24	30	42	44	34	42	46	46	48	46	36	48	46	30	22	30	32	26	32	34	24	36	32	24	22	22	22	20	28	24	28	36	36	28	28	30	26	20	20	26	22	44	0	26	22	22	18	18	20	18	18	22	20	16	20	22	20	18	22	28	18	10	20	26	16	20	8	20	20	18	14	20	12	8	14
ycf3	26	20	26	30	26	34	28	26	18	24	24	34	18	30	32	46	24	18	18	30	52	40	36	36	22	22	22	40	46	30	42	50	42	52	48	46	42	44	24	26	30	24	20	24	32	30	28	28	22	20	20	16	12	26	18	30	36	34	20	22	30	24	24	32	22	20	52	26	0	28	18	12	6	10	8	22	12	14	14	16	16	12	22	12	24	14	16	10	16	12	6	2	18	16	14	8	12	10	8	8
ycf4	24	28	28	30	24	42	26	18	18	22	22	40	14	20	28	44	24	18	24	28	48	36	36	36	22	26	28	30	46	30	42	50	50	50	46	44	42	44	30	26	26	32	28	28	34	22	32	32	24	24	26	20	14	30	16	28	36	36	32	24	28	32	30	30	28	18	52	22	28	0	20	8	16	16	14	20	18	14	12	10	16	16	14	16	24	12	18	16	22	14	14	4	14	10	12	12	18	8	8	8
cp_mt_ML	20	16	20	24	26	38	24	22	20	14	22	34	16	22	28	48	26	8	12	28	50	40	34	36	12	18	20	38	48	34	40	52	48	54	50	46	46	42	22	24	28	26	20	24	34	28	30	32	22	10	16	10	8	22	12	26	36	34	14	22	24	26	26	28	18	12	54	22	18	20	0	22	28	22	28	44	28	20	22	30	30	26	42	24	38	26	34	34	36	26	28	16	36	26	38	28	32	20	18	24
atp1	14	12	10	16	12	26	14	10	10	8	14	22	6	10	18	30	14	6	8	18	34	28	26	22	6	10	12	22	34	20	24	34	26	36	32	28	30	24	14	14	18	16	10	14	22	10	20	22	12	6	6	10	10	8	4	16	26	24	8	14	12	16	18	20	12	6	28	18	12	8	22	0	26	30	20	34	28	32	28	30	22	30	36	22	36	26	28	34	32	26	26	18	32	18	40	22	30	20	22	30
atp4	16	12	10	18	16	24	18	14	8	14	14	22	12	14	20	28	16	10	10	14	32	28	26	22	10	14	16	24	32	20	24	32	22	34	28	28	28	24	16	18	18	16	12	14	20	18	16	20	12	10	8	10	6	16	8	18	26	24	12	12	18	14	16	20	12	10	26	18	6	16	28	26	0	32	26	42	34	36	34	36	26	32	40	32	38	30	36	32	34	36	26	20	38	26	40	28	30	30	24	36
atp6	16	18	14	24	18	24	20	20	18	18	18	28	16	22	26	34	16	14	10	22	40	32	24	28	16	16	18	32	34	22	30	34	24	36	34	28	30	24	18	22	24	18	14	14	24	18	20	20	18	12	14	14	10	18	12	22	28	24	12	14	20	22	24	22	14	16	28	20	10	16	22	30	32	0	18	36	24	28	22	30	32	16	44	24	34	20	28	20	24	20	16	20	28	28	30	24	24	12	10	16
atp8	14	16	12	20	14	24	18	16	18	16	18	24	14	16	22	30	14	12	8	20	36	30	24	26	14	14	16	26	32	20	30	34	24	34	28	26	28	24	16	18	22	14	10	14	22	16	12	20	18	10	10	10	10	14	10	20	26	22	10	12	18	20	22	18	12	12	28	18	8	14	28	20	26	18	0	32	32	32	22	28	26	24	34	22	34	22	32	20	22	24	12	20	28	24	36	22	28	14	12	28
atp9	18	26	22	24	22	28	18	22	18	18	22	28	18	24	24	32	20	22	24	26	38	32	30	22	22	20	26	34	36	28	30	32	28	36	36	28	32	28	28	24	24	28	22	28	34	16	24	24	12	22	20	22	18	18	22	20	30	28	24	24	26	24	20	28	22	24	34	18	22	20	44	34	42	36	32	0	42	42	34	44	40	36	44	34	46	38	40	44	38	36	32	36	34	40	42	32	34	36	28	38
cob	16	16	14	22	20	22	18	20	16	14	18	22	14	18	24	34	18	12	10	22	36	32	24	28	10	12	16	26	34	24	24	34	26	36	30	28	32	24	18	22	24	20	16	14	20	18	22	24	18	12	8	14	8	14	10	16	26	24	12	16	14	20	18	20	16	14	28	22	12	18	28	28	34	24	32	42	0	36	32	36	30	30	44	26	38	34	34	34	36	28	32	24	36	32	38	30	34	28	24	32
cox1	18	14	14	20	14	24	22	18	20	16	22	22	14	14	20	28	20	12	14	22	30	26	24	28	12	12	10	20	30	20	26	30	24	30	28	22	24	22	16	16	22	20	14	20	18	12	14	22	20	16	12	16	12	20	14	18	22	14	12	16	20	20	24	18	16	12	24	20	14	14	20	32	36	28	32	42	36	0	28	34	36	30	46	30	38	32	38	32	28	32	30	22	38	40	42	28	32	20	18	32
cox2	14	20	16	20	18	28	16	16	18	14	20	26	10	16	22	34	14	14	14	24	38	32	26	26	14	14	18	30	36	24	30	34	28	36	34	28	32	28	20	12	24	18	12	20	28	10	18	24	14	12	14	12	16	14	12	20	28	24	12	18	16	20	20	18	16	16	30	16	14	12	22	28	34	22	22	34	32	28	0	28	32	18	36	28	40	20	32	26	26	20	22	22	28	32	28	26	26	18	14	22
cox3	22	22	20	22	24	30	22	16	12	18	18	30	12	18	18	34	14	18	18	20	36	26	26	28	18	16	24	32	36	22	28	36	32	36	34	30	30	24	22	18	20	22	20	18	28	14	18	24	14	14	20	18	16	20	14	24	32	30	16	22	24	20	24	26	22	20	30	20	16	10	30	30	36	30	28	44	36	34	28	0	30	32	38	30	42	24	32	32	34	28	32	18	34	22	30	28	32	22	18	24
nad1	20	14	16	24	18	26	18	18	16	14	20	24	12	16	24	30	18	14	14	22	36	32	28	26	14	14	12	24	34	24	24	36	28	36	32	28	32	24	20	20	24	22	14	16	28	14	20	24	16	12	10	16	12	14	10	22	28	22	14	20	14	18	22	22	18	12	32	22	16	16	30	22	26	32	26	40	30	36	32	30	0	30	38	28	32	28	32	26	24	34	26	18	40	24	42	26	26	28	22	34
nad2	18	20	16	24	16	28	20	20	18	18	20	28	16	22	26	32	16	16	14	22	40	32	26	26	18	14	20	30	36	20	30	36	26	36	34	28	30	24	20	20	24	18	14	16	28	16	20	22	18	12	12	14	14	16	12	24	30	26	8	18	18	18	24	24	16	14	28	20	12	16	26	30	32	16	24	36	30	30	18	32	30	0	44	26	40	14	34	18	22	20	18	14	26	30	28	24	24	10	10	18
nad3	22	22	22	22	18	30	16	20	18	14	24	30	10	14	18	32	20	16	20	24	36	32	30	22	18	16	22	26	36	26	28	36	36	38	32	30	34	30	24	18	20	28	20	26	26	16	26	30	14	18	18	18	14	20	18	16	24	32	22	24	26	24	22	20	24	18	32	18	22	14	42	36	40	44	34	44	44	46	36	38	38	44	0	34	46	44	42	46	40	40	38	26	40	36	46	34	36	32	24	34
nad4	16	12	10	22	14	24	20	18	16	14	18	26	12	18	18	32	18	10	10	22	38	32	24	26	12	8	16	28	36	18	26	34	26	36	36	28	30	22	12	20	20	18	14	18	22	16	24	22	18	8	12	14	10	16	8	16	24	24	6	14	20	20	24	22	10	10	26	22	12	16	24	22	32	24	22	34	26	30	28	30	28	26	34	0	38	30	36	34	36	30	30	20	36	28	44	18	26	22	16	28
nad4L	28	26	26	28	24	32	24	28	26	26	28	30	22	28	34	36	26	24	22	30	40	32	30	34	24	22	24	32	36	32	32	38	32	40	34	32	32	28	30	30	30	28	20	24	28	26	26	30	24	20	20	20	18	26	20	28	32	30	24	28	24	32	28	30	26	24	30	28	24	24	38	36	38	34	34	46	38	38	40	42	32	40	46	38	0	38	36	36	32	32	24	26	44	34	48	36	30	24	14	30
nad5	18	22	16	20	18	30	18	16	14	16	16	28	14	20	22	32	14	16	16	22	38	30	26	24	18	16	22	30	36	22	30	34	28	36	34	28	30	24	22	20	22	20	16	18	30	14	20	22	16	14	14	16	16	14	14	22	32	28	14	18	18	18	22	26	18	16	28	18	14	12	26	26	30	20	22	38	34	32	20	24	28	14	44	30	38	0	26	20	26	20	18	10	26	20	28	22	28	10	8	14
nad6	18	22	18	22	22	28	18	20	18	12	20	26	18	18	22	30	14	16	16	22	34	30	26	22	18	18	24	28	34	22	26	32	30	34	28	28	30	24	22	20	22	22	18	18	30	14	14	24	16	18	18	18	16	14	16	18	32	28	14	20	20	16	18	24	20	18	26	10	16	18	34	28	36	28	32	40	34	38	32	32	32	34	42	36	36	26	0	30	34	26	26	18	30	26	36	32	26	20	12	24
nad7	18	18	16	24	16	28	20	20	18	18	20	28	16	22	26	32	16	16	14	22	40	32	26	26	18	16	18	30	36	22	30	36	26	36	34	28	30	24	20	20	24	18	12	16	28	16	20	22	18	12	12	14	14	16	12	24	30	24	12	18	18	18	24	24	16	14	28	20	10	16	34	34	32	20	20	44	34	32	26	32	26	18	46	34	36	20	30	0	20	24	18	18	32	32	26	26	24	18	14	22
rpl14 	24	22	22	28	22	30	22	26	24	24	26	28	22	26	32	34	22	22	20	28	40	32	28	32	22	20	18	22	36	28	32	36	28	36	32	30	30	26	26	26	30	24	18	22	30	20	20	26	24	18	16	20	18	22	18	28	32	20	18	24	20	24	28	28	22	20	28	26	16	22	36	32	34	24	22	38	36	28	26	34	24	22	40	36	32	26	34	20	0	28	18	18	30	30	32	28	26	16	12	32
rpl16 	16	20	14	20	18	28	18	18	16	16	18	28	14	20	24	34	14	14	14	22	38	30	26	26	16	16	20	32	36	22	30	34	26	36	34	28	30	26	20	16	22	18	12	18	28	14	20	22	16	12	14	12	14	16	12	22	30	26	12	16	16	20	20	22	16	16	28	16	12	14	26	26	36	20	24	36	28	32	20	28	34	20	40	30	32	20	26	24	28	0	24	24	24	28	28	24	28	12	8	22
rpl5 	16	18	14	22	14	26	16	18	16	16	18	26	14	18	24	30	16	14	12	18	38	30	26	24	16	14	18	22	34	20	28	34	24	34	30	26	30	24	18	18	22	16	12	16	26	14	20	20	16	10	10	12	14	14	10	22	28	24	10	16	16	16	22	22	14	12	24	20	6	14	28	26	26	16	12	32	32	30	22	32	26	18	38	30	24	18	26	18	18	24	0	14	20	28	28	20	20	14	10	24
rps10	12	4	6	14	8	14	8	8	4	4	8	20	6	8	10	24	6	6	4	12	26	18	18	14	8	6	8	10	28	14	18	26	20	28	22	22	24	16	10	12	10	10	8	4	14	8	14	10	6	2	4	4	4	6	2	12	22	12	4	6	10	6	10	10	8	4	16	8	2	4	16	18	20	20	20	36	24	22	22	18	18	14	26	20	26	10	18	18	18	24	14	0	18	18	22	22	20	16	14	14
rps11 	22	26	22	24	18	32	20	18	16	18	18	30	14	22	20	28	16	20	20	24	36	30	26	24	22	16	26	32	36	24	30	36	32	36	36	28	30	24	24	22	20	22	20	22	30	16	22	24	16	18	18	20	18	18	16	22	30	30	18	24	20	22	26	30	22	20	28	20	18	14	36	32	38	28	28	34	36	38	28	34	40	26	40	36	44	26	30	32	30	24	20	18	0	30	24	28	30	20	18	26
rps12 	20	18	16	18	18	30	16	12	8	8	10	24	10	14	14	30	14	12	14	18	32	26	26	24	14	10	20	24	34	20	24	36	30	36	32	28	30	22	16	20	18	20	16	14	26	14	22	22	14	12	12	16	14	12	6	20	30	28	14	20	14	18	18	26	16	12	28	20	16	10	26	18	26	28	24	40	32	40	32	22	24	30	36	28	34	20	26	32	30	28	28	18	30	0	30	24	30	20	16	26
rps13	18	22	16	20	20	30	20	12	14	18	12	26	14	18	18	30	10	16	16	20	30	28	24	26	18	16	22	30	34	20	28	34	28	34	26	26	28	22	20	18	20	18	16	16	28	14	12	20	16	14	16	16	16	16	14	22	30	26	14	18	20	20	22	26	18	18	28	18	14	12	38	40	40	30	36	42	38	42	28	30	42	28	46	44	48	28	36	26	32	28	28	22	24	30	0	32	34	26	22	26
rps14 	14	12	8	18	12	18	18	14	12	12	14	22	10	12	16	26	12	8	8	16	30	22	20	22	10	8	14	22	30	14	22	30	22	30	28	18	24	20	12	16	16	14	12	12	16	14	12	14	12	10	6	10	2	14	8	16	24	20	8	10	14	14	18	16	10	8	24	14	8	12	28	22	28	24	22	32	30	28	26	28	26	24	34	18	36	22	32	26	28	24	20	22	28	24	32	0	26	20	14	26
rps19 	18	18	14	22	14	24	22	20	18	18	20	28	16	18	20	28	16	14	12	20	34	30	24	24	16	12	20	28	34	18	24	34	26	34	28	26	28	18	18	20	18	18	14	14	22	18	14	22	18	14	12	14	10	18	12	18	26	26	8	16	20	18	24	22	16	14	26	20	12	18	32	30	30	24	28	34	34	32	26	32	26	24	36	26	30	28	26	24	26	28	20	20	30	30	34	26	0	22	12	26
rps2 	14	14	10	18	12	26	10	12	14	10	14	24	12	14	18	30	12	12	10	20	34	28	24	20	14	12	12	18	34	20	30	32	24	34	28	26	28	24	16	16	20	14	10	14	22	10	18	20	14	8	8	10	12	10	8	16	26	16	6	10	16	14	18	18	12	10	22	12	10	8	20	20	30	12	14	36	28	20	18	22	28	10	32	22	24	10	20	18	16	12	14	16	20	20	26	20	22	0	4	12
rps3 	10	12	8	12	10	18	10	10	14	10	12	16	12	10	12	20	6	10	8	14	22	20	10	16	10	10	10	10	22	12	20	20	16	22	16	14	16	14	10	10	14	8	8	10	14	8	6	12	14	8	8	8	10	8	8	10	16	10	4	8	12	10	14	12	10	10	12	8	8	8	18	22	24	10	12	28	24	18	14	18	22	10	24	16	14	8	12	14	12	8	10	14	18	16	22	14	12	4	0	12
rps4 	16	16	16	16	16	22	16	12	12	16	14	26	10	14	16	24	10	14	14	18	28	26	20	20	14	16	18	24	30	18	24	28	24	30	20	22	24	20	18	16	16	16	14	16	24	14	10	20	12	12	14	12	12	14	14	18	26	26	12	18	18	16	18	22	16	16	14	14	8	8	24	30	36	16	28	38	32	32	22	24	34	18	34	28	30	14	24	22	32	22	24	14	26	26	26	26	26	12	12	0
